2
0 0 1
0 -1 2
1 0 3
2 0 4
2 -1 5
0 -2 6
1 -1 7
-1 -2 8
-1 0 9
0 1 10
3 0 11
-2 0 12
3 -1 13
-1 1 14
2 1 15
3 -2 16
-2 1 17
-2 -2 18
4 -2 19
-1 2 20
-1 -3 21
-3 -2 22
4 -1 23
-3 -1 24
0 2 25
-1 -1 26
4 -3 27
3 1 28
5 -3 29
-2 2 30
5 -2 31
1 2 32
0 3 33
2 -2 34
0 -3 35
3 2 36
-2 -3 37
3 -3 38
5 -4 39
4 1 40
6 -4 41
0 4 42
5 -5 43
1 3 44
-1 4 45
-2 3 46
4 2 47
0 5 48
-3 2 49
4 -4 50
5 1 51
6 -5 52
-2 -4 53
-3 3 54
-4 -1 55
-3 -4 56
-3 4 57
-4 2 58
-4 4 59
1 1 60
1 4 61
-1 3 62
7 -4 63
-4 0 64
-2 -5 65
5 0 66
1 5 67
2 3 68
7 -3 69
0 6 70
5 -6 71
-1 6 72
6 0 73
-1 -5 74
-4 3 75
5 -7 76
-4 5 77
-2 -6 78
4 -6 79
2 4 80
1 -3 81
7 -5 82
5 2 83
7 0 84
-4 -4 85
5 -1 86
5 3 87
0 -4 88
-3 1 89
3 3 90
5 -8 91
-4 1 92
-5 -1 93
4 3 94
-5 -4 95
-3 -5 96
6 2 97
-1 -6 98
4 -5 99
7 -2 100
